3 0.15859375 0.46171875 0.1375 0.121875
3 0.60234375 0.35703125 0.1296875 0.1296875
3 0.2625 0.44140625 0.13125 0.13125
3 0.384375 0.40390625 0.125 0.1125
3 0.49453125 0.37890625 0.1171875 0.109375
3 0.50703125 0.4546875 0.0984375 0.0984375
3 0.6015625 0.42890625 0.1 0.1046875
3 0.40703125 0.4765625 0.109375 0.1078125
3 0.29765625 0.50234375 0.1171875 0.13125
3 0.20234375 0.528125 0.109375 0.109375
3 0.2484375 0.58828125 0.1046875 0.1046875
3 0.3359375 0.56171875 0.103125 0.1140625
3 0.4296875 0.5328125 0.0953125 0.0953125
3 0.51484375 0.5125 0.1015625 0.1046875
3 0.6 0.48984375 0.0921875 0.0921875
3 0.59375 0.546875 0.0953125 0.0953125
3 0.50859375 0.56640625 0.09375 0.0765625
3 0.42734375 0.590625 0.0859375 0.0734375
3 0.34921875 0.615625 0.078125 0.078125
3 0.275 0.63515625 0.096875 0.078125