3 0.1953125 0.6578125 0.11875 0.1203125
3 0.646875 0.596875 0.11875 0.11875
3 0.29921875 0.63984375 0.1203125 0.1203125
3 0.4265625 0.63125 0.115625 0.1015625
3 0.53828125 0.61484375 0.103125 0.103125
3 0.52265625 0.53984375 0.090625 0.090625
3 0.6203125 0.53046875 0.090625 0.096875
3 0.421875 0.55546875 0.1 0.1
3 0.31015625 0.5703125 0.10625 0.1234375
3 0.2125 0.58046875 0.1015625 0.1015625
3 0.23359375 0.5078125 0.096875 0.0953125
3 0.32421875 0.50078125 0.1 0.1
3 0.42265625 0.49453125 0.0875 0.0875
3 0.509375 0.4828125 0.0921875 0.096875
3 0.596875 0.47421875 0.084375 0.084375
3 0.57109375 0.42265625 0.0875 0.0875
3 0.484375 0.43515625 0.078125 0.078125
3 0.4 0.44140625 0.0734375 0.0734375
3 0.31796875 0.44609375 0.0796875 0.0640625
3 0.24140625 0.4546875 0.0796875 0.0796875