3 0.21640625 0.64140625 0.1703125 0.1703125
3 0.3578125 0.5796875 0.15625 0.1546875
3 0.78203125 0.45 0.15 0.15
3 0.88828125 0.803125 0.1578125 0.1546875
3 0.4859375 0.9359375 0.146875 0.128125
3 0.25859375 0.75 0.15 0.15
3 0.4140625 0.69140625 0.1546875 0.1453125
3 0.5015625 0.5328125 0.1625 0.1625
3 0.5609375 0.640625 0.1421875 0.1421875
3 0.6515625 0.49375 0.153125 0.1546875
3 0.71640625 0.59375 0.15625 0.15625
3 0.85234375 0.54765625 0.1421875 0.1421875
3 0.628125 0.903125 0.15 0.1390625
3 0.75546875 0.85390625 0.153125 0.1515625
3 0.82421875 0.928125 0.1 0.090625
3 0.95234375 0.9015625 0.0953125 0.1125