3 0.4828125 0.16171875 0.1515625 0.1515625
3 0.33828125 0.25390625 0.14375 0.1796875
3 0.26484375 0.50703125 0.146875 0.1640625
3 0.51015625 0.55859375 0.171875 0.171875
3 0.78203125 0.7515625 0.16875 0.16875
3 0.36796875 0.153125 0.1109375 0.121875
3 0.25625 0.14453125 0.1125 0.1
3 0.2109375 0.2484375 0.128125 0.184375
3 0.7859375 0.5984375 0.153125 0.1890625
3 0.64375 0.59296875 0.146875 0.1765625
3 0.62734375 0.728125 0.1390625 0.1390625
3 0.4859375 0.68984375 0.134375 0.134375
3 0.384375 0.53984375 0.1328125 0.1765625
3 0.34453125 0.67109375 0.14375 0.1015625
3 0.2296875 0.62421875 0.13125 0.13125