3 0.35234375 0.5109375 0.1765625 0.1453125
3 0.33828125 0.90546875 0.2140625 0.1890625
3 0.540625 0.67421875 0.19375 0.19375
3 0.275 0.4328125 0.184375 0.1484375
3 0.18359375 0.36640625 0.14375 0.1421875
3 0.31015625 0.29921875 0.165625 0.115625
3 0.39375 0.3578125 0.1625 0.1625
3 0.48125 0.43828125 0.1671875 0.15
3 0.5828125 0.50390625 0.1859375 0.14375
3 0.67421875 0.5859375 0.1953125 0.1578125
3 0.44296875 0.58125 0.1796875 0.1796875
3 0.209375 0.8484375 0.1984375 0.1984375
3 0.39296875 0.784375 0.2078125 0.2078125