3 0.6421875 0.540625 0.15 0.15
3 0.796875 0.1578125 0.196875 0.209375
3 0.52109375 0.32265625 0.1796875 0.1796875
3 0.68828125 0.640625 0.175 0.134375
3 0.7515625 0.73359375 0.15 0.115625
3 0.609375 0.75390625 0.13125 0.13125
3 0.5515625 0.6703125 0.171875 0.1296875
3 0.496875 0.5640625 0.1484375 0.146875
3 0.4234375 0.46796875 0.153125 0.153125
3 0.365625 0.36015625 0.1640625 0.1640625
3 0.58203125 0.44296875 0.1671875 0.1671875
3 0.8921875 0.271875 0.1921875 0.1765625
3 0.69765625 0.26953125 0.2203125 0.1640625