3 0.8125 0.7671875 0.2171875 0.2171875
3 0.64296875 0.7515625 0.209375 0.2078125
3 0.12109375 0.690625 0.2171875 0.2171875
3 0.28984375 0.721875 0.18125 0.2390625
3 0.78828125 0.5859375 0.1640625 0.1875
3 0.4703125 0.74609375 0.2140625 0.2140625
3 0.6328125 0.58203125 0.19375 0.19375
3 0.4703125 0.56484375 0.1640625 0.1875
3 0.3078125 0.54765625 0.175 0.175
3 0.15234375 0.534375 0.159375 0.159375
3 0.18203125 0.40859375 0.15625 0.15625
3 0.334375 0.4140625 0.146875 0.146875
3 0.4875 0.43359375 0.1453125 0.1421875
3 0.63515625 0.4484375 0.1546875 0.153125
3 0.7828125 0.45390625 0.1484375 0.1484375