3 0.1234375 0.6640625 0.215625 0.259375
3 0.28984375 0.69921875 0.228125 0.228125
3 0.80703125 0.79296875 0.2375 0.2375
3 0.6359375 0.7734375 0.2296875 0.2296875
3 0.19921875 0.49765625 0.1828125 0.203125
3 0.45625 0.74375 0.2328125 0.2328125
3 0.3484375 0.53984375 0.2109375 0.2109375
3 0.509375 0.57109375 0.1828125 0.203125
3 0.6703125 0.6015625 0.190625 0.190625
3 0.821875 0.634375 0.175 0.175
3 0.83125 0.50546875 0.171875 0.171875
3 0.68359375 0.46640625 0.1734375 0.1484375
3 0.53125 0.440625 0.1578125 0.1578125
3 0.38515625 0.4109375 0.1703125 0.1671875
3 0.2421875 0.3734375 0.1625 0.1625