3 0.20078125 0.55234375 0.1296875 0.1296875
3 0.55 0.46171875 0.128125 0.1265625
3 0.60859375 0.6359375 0.15625 0.128125
3 0.21953125 0.734375 0.1625 0.1359375
3 0.253125 0.940625 0.18125 0.11875
3 0.67109375 0.8453125 0.16875 0.15
3 0.31953125 0.52265625 0.1484375 0.1140625
3 0.4296875 0.48984375 0.14375 0.11875
3 0.20625 0.64140625 0.1546875 0.1171875
3 0.33203125 0.609375 0.125 0.125
3 0.45234375 0.5765625 0.1328125 0.1328125
3 0.35625 0.71328125 0.159375 0.134375
3 0.47421875 0.675 0.15625 0.1359375
3 0.578125 0.54296875 0.1421875 0.140625
3 0.6625 0.42578125 0.13125 0.1296875
3 0.7890625 0.40390625 0.1265625 0.1265625
3 0.69453125 0.5140625 0.1484375 0.125
3 0.82109375 0.48046875 0.1375 0.1375
3 0.7265625 0.60234375 0.1390625 0.1140625
3 0.86015625 0.56796875 0.134375 0.134375
3 0.90234375 0.66171875 0.1875 0.1453125
3 0.92734375 0.76640625 0.1453125 0.1390625
3 0.80234375 0.79765625 0.1671875 0.1390625
3 0.76640625 0.696875 0.1484375 0.15
3 0.63359375 0.73515625 0.1515625 0.1375
3 0.50703125 0.77265625 0.1515625 0.1328125
3 0.53515625 0.88359375 0.1640625 0.146875
3 0.38515625 0.92265625 0.1671875 0.1546875
3 0.21875 0.8484375 0.1515625 0.15
3 0.36875 0.81015625 0.15 0.13125