3 0.2015625 0.44140625 0.11875 0.11875
3 0.56015625 0.48203125 0.1328125 0.1015625
3 0.553125 0.66640625 0.146875 0.1140625
3 0.15390625 0.61796875 0.1375 0.1375
3 0.1046875 0.84375 0.16875 0.1453125
3 0.5359375 0.88359375 0.1578125 0.1359375
3 0.3234375 0.45625 0.1203125 0.1203125
3 0.43828125 0.465625 0.134375 0.1046875
3 0.175 0.52734375 0.146875 0.1015625
3 0.30390625 0.5421875 0.1328125 0.096875
3 0.428125 0.55390625 0.121875 0.121875
3 0.2890625 0.64765625 0.134375 0.134375
3 0.41328125 0.65390625 0.134375 0.134375
3 0.5578125 0.56875 0.13125 0.1296875
3 0.678125 0.4890625 0.1203125 0.11875
3 0.8046875 0.5140625 0.1171875 0.115625
3 0.6765625 0.5828125 0.1390625 0.1125
3 0.80703125 0.596875 0.146875 0.10625
3 0.675 0.6765625 0.1171875 0.1171875
3 0.81171875 0.6921875 0.1375 0.1078125
3 0.81796875 0.7953125 0.178125 0.128125
3 0.81640625 0.9078125 0.14375 0.14375
3 0.675 0.8859375 0.1578125 0.125
3 0.678125 0.77890625 0.1375 0.1375
3 0.540625 0.7671875 0.1421875 0.125
3 0.40859375 0.75703125 0.1421875 0.1203125
3 0.3953125 0.8703125 0.153125 0.13125
3 0.23984375 0.859375 0.153125 0.153125
3 0.1125 0.725 0.1640625 0.1140625
3 0.26640625 0.74296875 0.128125 0.128125