3 0.790625 0.58984375 0.146875 0.109375
3 0.43828125 0.51171875 0.1265625 0.125
3 0.46484375 0.32890625 0.140625 0.140625
3 0.85625 0.41875 0.1484375 0.146875
3 0.91953125 0.2 0.1609375 0.159375
3 0.50390625 0.11484375 0.1578125 0.1578125
3 0.67109375 0.56171875 0.146875 0.1125
3 0.5578125 0.540625 0.1421875 0.1171875
3 0.8265625 0.50703125 0.134375 0.134375
3 0.7 0.47890625 0.1234375 0.1234375
3 0.57734375 0.45390625 0.13125 0.13125
3 0.725 0.37578125 0.159375 0.13125
3 0.60234375 0.35625 0.1453125 0.14375
3 0.45 0.42578125 0.140625 0.1390625
3 0.32109375 0.4921875 0.1296875 0.128125
3 0.1984375 0.4546875 0.125 0.125
3 0.33359375 0.39921875 0.146875 0.1234375
3 0.2046875 0.371875 0.1546875 0.11875
3 0.34453125 0.30625 0.1390625 0.1125
3 0.21015625 0.27578125 0.1453125 0.1203125
3 0.21484375 0.17265625 0.165625 0.1640625
3 0.22734375 0.06875 0.1546875 0.1375
3 0.365625 0.09765625 0.165625 0.1375
3 0.3515625 0.20390625 0.146875 0.1484375
3 0.4875 0.23046875 0.14375 0.14375
3 0.61796875 0.25390625 0.140625 0.140625
3 0.64296875 0.1421875 0.1625 0.14375
3 0.79609375 0.16953125 0.1640625 0.1640625
3 0.90859375 0.3171875 0.15 0.1484375
3 0.7578125 0.2828125 0.1484375 0.1296875