3 0.8265625 0.471875 0.14375 0.1
3 0.46875 0.3828125 0.11875 0.11875
3 0.36328125 0.62265625 0.15 0.15
3 0.80078125 0.7390625 0.1671875 0.16875
3 0.78203125 0.86484375 0.2078125 0.18125
3 0.3203125 0.73046875 0.1734375 0.1734375
3 0.628125 0.8140625 0.184375 0.1859375
3 0.46875 0.77265625 0.1703125 0.171875
3 0.16796875 0.684375 0.19375 0.1640625
3 0.05546875 0.64140625 0.1109375 0.1609375
3 0.08671875 0.54296875 0.1546875 0.1546875
3 0.22421875 0.57890625 0.16875 0.1203125
3 0.50703125 0.66015625 0.171875 0.1375
3 0.6453125 0.7015625 0.1625 0.1359375
3 0.81484375 0.63515625 0.165625 0.128125
3 0.67265625 0.60234375 0.1453125 0.1453125
3 0.53828125 0.56484375 0.1359375 0.1359375
3 0.40625 0.53203125 0.1421875 0.1421875
3 0.27421875 0.5015625 0.1484375 0.11875
3 0.14375 0.46171875 0.1421875 0.1421875
3 0.19765625 0.38828125 0.1453125 0.096875
3 0.31953125 0.4203125 0.140625 0.1
3 0.4390625 0.45078125 0.1546875 0.115625
3 0.56953125 0.48125 0.1328125 0.1328125
3 0.69921875 0.51328125 0.1515625 0.1203125
3 0.82109375 0.5421875 0.153125 0.10625
3 0.70703125 0.43671875 0.146875 0.1015625
3 0.58828125 0.4046875 0.1328125 0.075
3 0.47890625 0.38046875 0.128125 0.09375
3 0.3625 0.35546875 0.1203125 0.1203125
3 0.240625 0.33046875 0.1328125 0.0921875