3 0.29609375 0.0703125 0.1578125 0.140625
3 0.42734375 0.56171875 0.1765625 0.1765625
3 0.68125 0.615625 0.178125 0.178125
3 0.6078125 0.93125 0.16875 0.1375
3 0.359375 0.8765625 0.1703125 0.1703125
3 0.4796875 0.91640625 0.171875 0.1671875
3 0.24375 0.85234375 0.1640625 0.1640625
3 0.13828125 0.81640625 0.1484375 0.1484375
3 0.6421875 0.78984375 0.1765625 0.1765625
3 0.51796875 0.75625 0.171875 0.1734375
3 0.39453125 0.715625 0.146875 0.171875
3 0.28125 0.67734375 0.146875 0.15625
3 0.17421875 0.65390625 0.1609375 0.1609375
3 0.446875 0.553125 0.121875 0.1625
3 0.55546875 0.58828125 0.15625 0.1796875
3 0.31875 0.51640625 0.1484375 0.1484375
3 0.20234375 0.49921875 0.1515625 0.1515625
3 0.71640625 0.44765625 0.1515625 0.18125
3 0.46875 0.390625 0.1515625 0.1515625
3 0.346875 0.37265625 0.1484375 0.1625
3 0.22890625 0.35 0.1390625 0.1671875
3 0.271875 0.19375 0.1375 0.1375
3 0.3765625 0.2203125 0.1625 0.1625
3 0.52421875 0.07421875 0.1484375 0.1484375
3 0.4109375 0.06640625 0.146875 0.1328125