3 0.6921875 0.7421875 0.0921875 0.0921875
3 0.78359375 0.7390625 0.0890625 0.0890625
3 0.31640625 0.36875 0.1484375 0.1484375
3 0.503125 0.359375 0.090625 0.071875
3 0.7296875 0.353125 0.128125 0.0796875
3 0.61953125 0.3546875 0.1109375 0.0734375
3 0.44765625 0.47109375 0.075 0.0765625
3 0.21875 0.490625 0.103125 0.0703125
3 0.165625 0.93671875 0.13125 0.090625
3 0.06484375 0.94453125 0.084375 0.084375
3 0.5890625 0.7546875 0.1109375 0.084375
3 0.48203125 0.76953125 0.0984375 0.0796875
3 0.38515625 0.78046875 0.08125 0.08125
3 0.59375 0.92890625 0.0890625 0.0890625
3 0.64375 0.83046875 0.0859375 0.08125