3 0.596875 0.79453125 0.09375 0.11875
3 0.3078125 0.82421875 0.10625 0.13125
3 0.26953125 0.59296875 0.1078125 0.15625
3 0.5703125 0.54296875 0.1140625 0.1546875
3 0.22265625 0.31328125 0.134375 0.134375
3 0.7515625 0.2421875 0.1421875 0.1421875
3 0.40546875 0.8125 0.1234375 0.1234375
3 0.5 0.80859375 0.11875 0.11875
3 0.38359375 0.6953125 0.109375 0.1453125
3 0.484375 0.6859375 0.1046875 0.13125
3 0.684375 0.7859375 0.1046875 0.10625
3 0.7765625 0.771875 0.128125 0.128125
3 0.57890625 0.67578125 0.11875 0.11875
3 0.6765625 0.66640625 0.109375 0.146875
3 0.76875 0.64375 0.115625 0.115625
3 0.36953125 0.56953125 0.1265625 0.1265625
3 0.46484375 0.5578125 0.1328125 0.1328125
3 0.66484375 0.5328125 0.13125 0.13125
3 0.76796875 0.5140625 0.1109375 0.1359375
3 0.34921875 0.4390625 0.134375 0.134375
3 0.24375 0.45546875 0.121875 0.1515625
3 0.32265625 0.29765625 0.1140625 0.1515625
3 0.44765625 0.4265625 0.1390625 0.1390625
3 0.5484375 0.409375 0.128125 0.128125
3 0.65859375 0.39921875 0.1015625 0.146875
3 0.75546875 0.384375 0.109375 0.1421875
3 0.428125 0.28828125 0.1484375 0.1484375
3 0.5359375 0.27109375 0.140625 0.140625
3 0.6453125 0.26484375 0.1546875 0.1546875
3 0.7453125 0.2453125 0.1234375 0.1625