3 0.75234375 0.8484375 0.121875 0.121875
3 0.49140625 0.81640625 0.140625 0.13125
3 0.56640625 0.4203125 0.15 0.15
3 0.8453125 0.46875 0.146875 0.14375
3 0.784375 0.7296875 0.1375 0.128125
3 0.62578125 0.82421875 0.11875 0.11875
3 0.65234375 0.71328125 0.121875 0.121875
3 0.81171875 0.6140625 0.1265625 0.128125
3 0.684375 0.59453125 0.128125 0.128125
3 0.709375 0.4484375 0.13125 0.13125
3 0.8859375 0.32734375 0.15 0.15
3 0.75390625 0.303125 0.140625 0.1625
3 0.92265625 0.17109375 0.153125 0.153125
3 0.78359375 0.1515625 0.1484375 0.1484375
3 0.6265625 0.1125 0.16875 0.16875
3 0.47734375 0.08828125 0.159375 0.159375
3 0.31640625 0.0671875 0.1453125 0.134375
3 0.296875 0.21796875 0.146875 0.1640625
3 0.44609375 0.25 0.1421875 0.15625
3 0.59453125 0.2765625 0.1515625 0.140625
3 0.421875 0.3984375 0.14375 0.146875
3 0.27421875 0.36875 0.140625 0.140625
3 0.509375 0.69140625 0.1375 0.1296875
3 0.53984375 0.57421875 0.1359375 0.1140625
3 0.35390625 0.79609375 0.1234375 0.13125
3 0.21796875 0.771875 0.1328125 0.1328125
3 0.38046875 0.6671875 0.134375 0.1359375
3 0.23515625 0.65078125 0.1359375 0.1359375
3 0.40859375 0.5421875 0.1203125 0.121875
3 0.25546875 0.515625 0.140625 0.11875