3 0.22421875 0.1703125 0.1375 0.125
3 0.48671875 0.18359375 0.1453125 0.1453125
3 0.4390625 0.584375 0.159375 0.159375
3 0.1578125 0.55546875 0.15625 0.1546875
3 0.2 0.290625 0.146875 0.1375
3 0.3515625 0.18515625 0.11875 0.1328125
3 0.3328125 0.29765625 0.1296875 0.1296875
3 0.18125 0.4078125 0.134375 0.1359375
3 0.309375 0.41875 0.1375 0.1375
3 0.29453125 0.56640625 0.134375 0.14375
3 0.12734375 0.69921875 0.159375 0.159375
3 0.26015625 0.7140625 0.1515625 0.1734375
3 0.1015625 0.8578125 0.1640625 0.1640625
3 0.24140625 0.8671875 0.1578125 0.1578125
3 0.40078125 0.8953125 0.1765625 0.1859375
3 0.5515625 0.909375 0.1671875 0.175
3 0.7125 0.9171875 0.15 0.146875
3 0.72265625 0.7671875 0.1578125 0.1734375
3 0.57109375 0.7453125 0.153125 0.165625
3 0.42109375 0.7296875 0.15625 0.15625
3 0.58515625 0.59609375 0.1546875 0.1578125
3 0.734375 0.61484375 0.15 0.15
3 0.47734375 0.309375 0.146875 0.1390625
3 0.4546875 0.42890625 0.1328125 0.1328125
3 0.625 0.19453125 0.1359375 0.1359375
3 0.7625 0.209375 0.14375 0.140625
3 0.6078125 0.325 0.14375 0.1453125
3 0.75390625 0.33125 0.1453125 0.1453125
3 0.58828125 0.4515625 0.128125 0.1296875
3 0.74296875 0.4671875 0.1484375 0.128125