3 0.74609375 0.146875 0.13125 0.1171875
3 0.4859375 0.18359375 0.1421875 0.134375
3 0.56796875 0.57890625 0.15625 0.1484375
3 0.84609375 0.525 0.1484375 0.146875
3 0.78046875 0.265625 0.140625 0.13125
3 0.6203125 0.1734375 0.1203125 0.1203125
3 0.6484375 0.284375 0.1234375 0.1234375
3 0.809375 0.38046875 0.1390625 0.11875
3 0.6828125 0.40234375 0.13125 0.1296875
3 0.71015625 0.54765625 0.128125 0.1375
3 0.8890625 0.665625 0.153125 0.153125
3 0.75703125 0.6921875 0.14375 0.165625
3 0.925 0.8203125 0.15 0.15625
3 0.78984375 0.84375 0.1515625 0.1515625
3 0.63359375 0.88515625 0.1671875 0.1765625
3 0.484375 0.91171875 0.1625 0.1625
3 0.3234375 0.93359375 0.146875 0.1328125
3 0.3015625 0.78515625 0.1578125 0.1578125
3 0.45078125 0.75078125 0.1453125 0.1578125
3 0.5984375 0.721875 0.1546875 0.14375
3 0.4234375 0.603125 0.146875 0.15
3 0.2765625 0.63515625 0.146875 0.1375
3 0.50625 0.30859375 0.1359375 0.1359375
3 0.53828125 0.425 0.1375 0.1171875
3 0.3484375 0.20625 0.1296875 0.1296875
3 0.21328125 0.2328125 0.1359375 0.1328125
3 0.37734375 0.33515625 0.1375 0.1375
3 0.2328125 0.35390625 0.1390625 0.1390625
3 0.4078125 0.459375 0.121875 0.1234375
3 0.25546875 0.48828125 0.1421875 0.1203125