3 0.4734375 0.70390625 0.13125 0.13125
3 0.57109375 0.84296875 0.125 0.10625
3 0.5984375 0.73671875 0.10625 0.10625
3 0.403125 0.41953125 0.165625 0.165625
3 0.83046875 0.27890625 0.1140625 0.1140625
3 0.76796875 0.9640625 0.1328125 0.071875
3 0.6453125 0.95 0.13125 0.1
3 0.54609375 0.93359375 0.1203125 0.1203125
3 0.79140625 0.909375 0.1265625 0.1265625
3 0.6796875 0.8703125 0.128125 0.128125
3 0.821875 0.80390625 0.1375 0.1125
3 0.70390625 0.76953125 0.159375 0.1125
3 0.85703125 0.71796875 0.1453125 0.1046875
3 0.7421875 0.67890625 0.1390625 0.1140625
3 0.64140625 0.64140625 0.1359375 0.1078125
3 0.88515625 0.63203125 0.115625 0.115625
3 0.7765625 0.590625 0.13125 0.13125
3 0.665625 0.5640625 0.1140625 0.1140625
3 0.51328125 0.6140625 0.13125 0.1265625
3 0.5484375 0.53515625 0.1328125 0.08125
3 0.3515625 0.67265625 0.1203125 0.109375
3 0.22890625 0.6296875 0.1359375 0.1203125
3 0.403125 0.578125 0.13125 0.13125
3 0.2734375 0.5453125 0.1296875 0.109375
3 0.89453125 0.4453125 0.1109375 0.1109375
3 0.80234375 0.4515625 0.128125 0.1078125
3 0.69765625 0.44453125 0.1484375 0.1234375
3 0.54921875 0.425 0.1515625 0.140625
3 0.86015625 0.36328125 0.134375 0.0890625
3 0.7578125 0.35 0.134375 0.1109375
3 0.640625 0.3453125 0.1375 0.1046875
3 0.5171875 0.33671875 0.128125 0.128125
3 0.384375 0.315625 0.1828125 0.125
3 0.71015625 0.26640625 0.128125 0.128125
3 0.4796875 0.25390625 0.1203125 0.1203125
3 0.34921875 0.23125 0.1234375 0.121875