3 0.48046875 0.7046875 0.1421875 0.1125
3 0.5828125 0.83984375 0.1125 0.1125
3 0.60703125 0.73359375 0.1046875 0.1015625
3 0.4 0.4234375 0.171875 0.15
3 0.821875 0.2671875 0.1109375 0.1109375
3 0.78359375 0.96328125 0.1421875 0.0734375
3 0.66171875 0.9484375 0.1265625 0.103125
3 0.5609375 0.93203125 0.115625 0.1203125
3 0.80546875 0.8984375 0.140625 0.10625
3 0.6921875 0.86328125 0.1421875 0.1078125
3 0.8328125 0.79296875 0.1359375 0.1078125
3 0.71328125 0.7625 0.1328125 0.1328125
3 0.8640625 0.70546875 0.14375 0.1
3 0.7484375 0.6703125 0.1359375 0.1109375
3 0.64609375 0.6359375 0.1328125 0.1046875
3 0.8890625 0.61875 0.125 0.1015625
3 0.7796875 0.58046875 0.15625 0.0984375
3 0.6671875 0.55859375 0.1109375 0.1109375
3 0.51796875 0.61328125 0.128125 0.121875
3 0.54921875 0.53359375 0.1046875 0.1046875
3 0.3578125 0.678125 0.1109375 0.1109375
3 0.23359375 0.6390625 0.1328125 0.1171875
3 0.40546875 0.58125 0.1265625 0.1265625
3 0.27578125 0.553125 0.128125 0.10625
3 0.8921875 0.43203125 0.1078125 0.1078125
3 0.80078125 0.440625 0.1265625 0.1046875
3 0.69609375 0.4375 0.1453125 0.11875
3 0.54609375 0.4234375 0.1421875 0.1421875
3 0.85546875 0.35078125 0.1328125 0.084375
3 0.75234375 0.34140625 0.1328125 0.1078125
3 0.63515625 0.340625 0.11875 0.1171875
3 0.51171875 0.3359375 0.125 0.125
3 0.378125 0.31953125 0.1796875 0.1203125
3 0.7015625 0.259375 0.125 0.125
3 0.47109375 0.2546875 0.1171875 0.1171875
3 0.340625 0.23671875 0.1515625 0.0875