3 0.2984375 0.11015625 0.1671875 0.1671875
3 0.85234375 0.09609375 0.1453125 0.1453125
3 0.86484375 0.43203125 0.228125 0.178125
3 0.12578125 0.5734375 0.2078125 0.2078125
3 0.8453125 0.74140625 0.228125 0.228125
3 0.1078125 0.7265625 0.1578125 0.1625
3 0.65390625 0.74453125 0.2265625 0.2265625
3 0.4453125 0.73125 0.19375 0.1953125
3 0.25390625 0.73046875 0.221875 0.1859375
3 0.8625 0.57265625 0.2109375 0.2109375
3 0.66953125 0.571875 0.196875 0.196875
3 0.484375 0.571875 0.184375 0.184375
3 0.30703125 0.5765625 0.2078125 0.171875
3 0.69453125 0.434375 0.2234375 0.165625
3 0.5203125 0.43359375 0.184375 0.184375
3 0.3546875 0.44296875 0.1921875 0.1625
3 0.1859375 0.44140625 0.178125 0.1765625
3 0.86953125 0.3015625 0.20625 0.1421875
3 0.70078125 0.30078125 0.19375 0.14375
3 0.540625 0.31328125 0.1875 0.15625
3 0.39140625 0.31796875 0.165625 0.1671875
3 0.234375 0.3109375 0.175 0.1546875
3 0.26640625 0.2078125 0.1890625 0.1625
3 0.4203125 0.203125 0.1578125 0.1578125
3 0.565625 0.19921875 0.1703125 0.1359375
3 0.721875 0.190625 0.178125 0.140625
3 0.8625 0.1859375 0.165625 0.1421875
3 0.73203125 0.0921875 0.153125 0.153125
3 0.5828125 0.09296875 0.1546875 0.1546875
3 0.4484375 0.1046875 0.1578125 0.1421875