3 0.6671875 0.90625 0.1578125 0.1578125
3 0.11328125 0.87109375 0.1375 0.1375
3 0.13046875 0.5359375 0.190625 0.1921875
3 0.87890625 0.46015625 0.1953125 0.1953125
3 0.17734375 0.22890625 0.2359375 0.1953125
3 0.91328125 0.3078125 0.14375 0.1625
3 0.36796875 0.24296875 0.2375 0.1890625
3 0.57421875 0.275 0.209375 0.1578125
3 0.765625 0.2921875 0.2125 0.171875
3 0.1453125 0.3953125 0.225 0.171875
3 0.3375 0.41328125 0.20625 0.165625
3 0.521875 0.4296875 0.196875 0.1515625
3 0.6984375 0.440625 0.178125 0.178125
3 0.30078125 0.5484375 0.215625 0.15
3 0.4734375 0.5640625 0.1953125 0.1515625
3 0.63984375 0.56953125 0.1671875 0.1671875
3 0.8078125 0.5859375 0.1671875 0.1671875
3 0.11484375 0.665625 0.2015625 0.128125
3 0.2828125 0.68046875 0.1875 0.13125
3 0.44375 0.68203125 0.1625 0.1625
3 0.5921875 0.69140625 0.15625 0.1578125
3 0.74765625 0.71171875 0.15625 0.15625
3 0.7078125 0.8109375 0.1796875 0.15
3 0.553125 0.80234375 0.15 0.15
3 0.4078125 0.79375 0.1640625 0.125
3 0.25234375 0.7890625 0.1515625 0.1515625
3 0.1109375 0.78125 0.1453125 0.1453125
3 0.2328125 0.88671875 0.1609375 0.1265625
3 0.38203125 0.8984375 0.146875 0.146875
3 0.5171875 0.8984375 0.1515625 0.1328125