3 0.1578125 0.815625 0.1578125 0.1234375
3 0.078125 0.35546875 0.15625 0.1765625
3 0.5578125 0.29296875 0.184375 0.184375
3 0.3078125 0.7921875 0.153125 0.153125
3 0.4484375 0.7734375 0.128125 0.1515625
3 0.11953125 0.67890625 0.1625 0.1625
3 0.2828125 0.65 0.1640625 0.1640625
3 0.42890625 0.63203125 0.140625 0.171875
3 0.09375 0.52890625 0.159375 0.159375
3 0.253125 0.51640625 0.1671875 0.1671875
3 0.4015625 0.490625 0.14375 0.134375
3 0.5734375 0.47734375 0.1640625 0.1640625
3 0.7328125 0.45 0.165625 0.165625
3 0.8984375 0.4203125 0.1703125 0.1625
3 0.903125 0.571875 0.1546875 0.1546875
3 0.74375 0.58515625 0.146875 0.146875
3 0.5734375 0.625 0.165625 0.1328125
3 0.2265625 0.33828125 0.1859375 0.16875
3 0.37890625 0.31875 0.16875 0.16875
3 0.0578125 0.196875 0.115625 0.159375
3 0.18125 0.16640625 0.2015625 0.2015625
3 0.35703125 0.13515625 0.1953125 0.1953125
3 0.728125 0.27421875 0.1875 0.1921875
3 0.8890625 0.246875 0.190625 0.190625
3 0.54375 0.109375 0.184375 0.1859375
3 0.70625 0.103125 0.1984375 0.1984375
3 0.875 0.0828125 0.203125 0.165625