3 0.08046875 0.68671875 0.1609375 0.1484375
3 0.140625 0.22421875 0.2 0.2015625
3 0.621875 0.3234375 0.2125 0.2125
3 0.2234375 0.7140625 0.18125 0.171875
3 0.3625 0.7421875 0.1515625 0.1703125
3 0.0875 0.54453125 0.175 0.1859375
3 0.2453125 0.57109375 0.1875 0.1875
3 0.38984375 0.6015625 0.1796875 0.1796875
3 0.10625 0.3953125 0.184375 0.184375
3 0.2609375 0.43515625 0.1984375 0.184375
3 0.41015625 0.45859375 0.159375 0.159375
3 0.5765625 0.503125 0.1890625 0.1890625
3 0.73671875 0.52890625 0.2015625 0.178125
3 0.90234375 0.5546875 0.190625 0.190625
3 0.8578125 0.69921875 0.190625 0.165625
3 0.703125 0.66015625 0.16875 0.16875
3 0.52890625 0.6421875 0.171875 0.171875
3 0.29375 0.2578125 0.203125 0.203125
3 0.44453125 0.28984375 0.19375 0.1921875
3 0.16875 0.07734375 0.16875 0.1546875
3 0.30625 0.0984375 0.23125 0.196875
3 0.48359375 0.109375 0.2234375 0.21875
3 0.7890625 0.3609375 0.215625 0.2203125
3 0.9203125 0.3875 0.159375 0.21875
3 0.66875 0.14453125 0.2125 0.2125
3 0.82421875 0.1921875 0.228125 0.228125
3 0.940625 0.2171875 0.11875 0.225