6 0.164375 0.355000 0.283750 0.316667
6 0.413125 0.410833 0.198750 0.355000
6 0.350625 0.710833 0.268750 0.265000
6 0.125625 0.655000 0.246250 0.303333
6 0.631875 0.318333 0.216250 0.380000
6 0.348125 0.178333 0.186250 0.310000
6 0.138750 0.113333 0.275000 0.223333
6 0.592500 0.681667 0.257500 0.373333
6 0.140625 0.899167 0.271250 0.191667
6 0.340625 0.920833 0.273750 0.158333
6 0.593750 0.927500 0.282500 0.145000
6 0.806250 0.777500 0.210000 0.308333
6 0.818125 0.470000 0.233750 0.320000
6 0.769375 0.155000 0.163750 0.306667
6 0.571875 0.107500 0.251250 0.211667
6 0.964375 0.323333 0.071250 0.303333
6 0.948750 0.655000 0.102500 0.266667
