6 0.273959 0.599487 0.205227 0.241335
6 0.391578 0.448010 0.171346 0.241335
6 0.447241 0.903081 0.195547 0.193838
6 0.164085 0.869063 0.206196 0.246470
6 0.210068 0.347240 0.193611 0.245186
6 0.290900 0.180359 0.186834 0.252888
6 0.457406 0.130937 0.169409 0.225931
6 0.589061 0.380616 0.210068 0.255456
6 0.483543 0.732349 0.173282 0.227214
6 0.775895 0.128370 0.229429 0.254172
6 0.832527 0.369063 0.193611 0.242619
6 0.655857 0.606547 0.223621 0.240051
6 0.786544 0.900513 0.184898 0.198973
6 0.932236 0.508344 0.135528 0.218228
6 0.933204 0.275353 0.133591 0.260591
6 0.584221 0.075096 0.198451 0.147625
6 0.137948 0.103979 0.184898 0.205392
6 0.078412 0.272786 0.154889 0.139923
6 0.068732 0.440308 0.135528 0.197689
6 0.103098 0.668806 0.181026 0.205392
6 0.320910 0.839538 0.155857 0.243902
6 0.940949 0.915276 0.118103 0.169448
6 0.500484 0.345956 0.147144 0.234917
