6 0.556667 0.604299 0.126667 0.227707
6 0.428750 0.632166 0.147500 0.264331
6 0.680833 0.808917 0.113333 0.277070
6 0.830000 0.786624 0.185000 0.337580
6 0.617500 0.503185 0.106667 0.222930
6 0.769583 0.582803 0.139167 0.245223
6 0.691250 0.360669 0.129167 0.224522
6 0.296667 0.492834 0.111667 0.214968
6 0.269167 0.668790 0.095000 0.187898
6 0.334583 0.764331 0.084167 0.130573
6 0.469583 0.877389 0.120833 0.245223
6 0.399167 0.848726 0.076667 0.191083
6 0.540000 0.956210 0.101667 0.087580
6 0.426250 0.351911 0.110833 0.181529
6 0.188750 0.484873 0.100833 0.179936
6 0.690833 0.211783 0.116667 0.184713
6 0.766250 0.190287 0.092500 0.167197
6 0.915000 0.293790 0.103333 0.214968
6 0.768333 0.370223 0.113333 0.179936
6 0.878333 0.581210 0.115000 0.162420
6 0.856667 0.427548 0.110000 0.148089
6 0.951250 0.485669 0.097500 0.226115
6 0.893750 0.177548 0.122500 0.160828
