6 0.119444 0.626852 0.133333 0.150000
6 0.298611 0.702778 0.155556 0.205556
6 0.452083 0.683333 0.151389 0.155556
6 0.545139 0.845370 0.123611 0.142593
6 0.691667 0.776852 0.194444 0.194444
6 0.821528 0.767593 0.126389 0.131481
6 0.227778 0.539815 0.138889 0.153704
6 0.110417 0.496296 0.126389 0.159259
6 0.343056 0.450000 0.119444 0.148148
6 0.452083 0.486111 0.145833 0.127778
6 0.581250 0.507407 0.115278 0.137037
6 0.655556 0.599074 0.105556 0.142593
6 0.753472 0.532407 0.126389 0.209259
6 0.858333 0.273148 0.102778 0.131481
