6 0.174722 0.582083 0.188333 0.305833
6 0.347778 0.543333 0.164444 0.260000
6 0.118611 0.332500 0.161667 0.241667
6 0.170000 0.117917 0.172222 0.209167
6 0.299722 0.247083 0.227222 0.227500
6 0.250000 0.752500 0.174444 0.268333
6 0.121667 0.912917 0.158889 0.174167
6 0.468611 0.778333 0.205000 0.241667
6 0.414167 0.919167 0.149444 0.161667
6 0.656667 0.838333 0.184444 0.323333
6 0.560556 0.203333 0.163333 0.166667
6 0.415556 0.092083 0.134444 0.182500
6 0.736389 0.436667 0.146111 0.203333
6 0.716389 0.101250 0.157222 0.200833
6 0.494167 0.533333 0.151667 0.325000
6 0.757222 0.659583 0.197778 0.225833
6 0.854167 0.215833 0.169444 0.245000
6 0.883056 0.543333 0.148333 0.260000
6 0.384722 0.702917 0.148333 0.212500
6 0.051944 0.517917 0.102778 0.245833
6 0.781944 0.877083 0.131667 0.235833
