8 0.118649 0.407319 0.107390 0.139887
8 0.155745 0.548722 0.108834 0.136856
8 0.200491 0.707016 0.099018 0.139887
8 0.261980 0.824166 0.111143 0.152447
8 0.050231 0.545474 0.096420 0.147683
8 0.089059 0.695323 0.113453 0.147683
8 0.123124 0.847337 0.107102 0.147683
8 0.449913 0.419446 0.116917 0.166739
8 0.424365 0.565396 0.113164 0.158943
8 0.530600 0.615851 0.115473 0.164573
8 0.562789 0.468818 0.122113 0.167605
8 0.598730 0.333261 0.128753 0.183196
8 0.437356 0.258770 0.117206 0.167605
8 0.343822 0.456475 0.113164 0.165440
8 0.366339 0.609355 0.112587 0.161975
8 0.453666 0.699870 0.112298 0.149848
8 0.516455 0.290602 0.105081 0.193157
