3 0.82890625 0.52578125 0.1453125 0.0984375
3 0.54140625 0.57734375 0.1203125 0.1203125
3 0.69609375 0.5484375 0.1140625 0.1140625
3 0.8015625 0.47578125 0.121875 0.121875
3 0.67109375 0.5 0.1453125 0.0984375
3 0.40703125 0.59921875 0.11875 0.1171875
3 0.265625 0.61875 0.11875 0.11875
3 0.53984375 0.51875 0.13125 0.0828125
3 0.41015625 0.54453125 0.103125 0.103125
3 0.28515625 0.5640625 0.109375 0.109375
3 0.7734375 0.4296875 0.1015625 0.1015625
3 0.6515625 0.45390625 0.1171875 0.0734375
3 0.53984375 0.47265625 0.1 0.1
3 0.41953125 0.49140625 0.1015625 0.1
3 0.30234375 0.5125 0.1203125 0.0734375
3 0.75078125 0.3859375 0.0984375 0.0984375
3 0.6375 0.415625 0.109375 0.0640625
3 0.53515625 0.43125 0.0828125 0.0828125
3 0.42890625 0.44921875 0.0796875 0.0796875
3 0.32109375 0.45859375 0.128125 0.0796875