3 0.825 0.4453125 0.115625 0.1140625
3 0.534375 0.41953125 0.1375 0.0890625
3 0.69140625 0.434375 0.1078125 0.1078125
3 0.80234375 0.4984375 0.1140625 0.1140625
3 0.67109375 0.48515625 0.1421875 0.0890625
3 0.39921875 0.409375 0.1109375 0.1109375
3 0.25625 0.40234375 0.1453125 0.0796875
3 0.53828125 0.47734375 0.1296875 0.0734375
3 0.40703125 0.46328125 0.096875 0.096875
3 0.28046875 0.4546875 0.134375 0.071875
3 0.778125 0.54609375 0.121875 0.06875
3 0.6546875 0.53203125 0.0890625 0.090625
3 0.5421875 0.52421875 0.115625 0.071875
3 0.42109375 0.515625 0.0953125 0.0953125
3 0.30234375 0.5046875 0.090625 0.0921875
3 0.76015625 0.59140625 0.115625 0.0703125
3 0.64453125 0.571875 0.1078125 0.05625
3 0.540625 0.565625 0.096875 0.059375
3 0.43359375 0.55703125 0.075 0.075
3 0.32578125 0.55703125 0.125 0.0703125