3 0.821875 0.57109375 0.1109375 0.109375
3 0.5296875 0.5828125 0.134375 0.0828125
3 0.6875 0.575 0.103125 0.103125
3 0.8015625 0.51796875 0.140625 0.0796875
3 0.66953125 0.5234375 0.1109375 0.1109375
3 0.39453125 0.58515625 0.1078125 0.10625
3 0.2515625 0.58515625 0.1421875 0.0734375
3 0.5375 0.52421875 0.0984375 0.096875
3 0.40546875 0.53203125 0.09375 0.09375
3 0.278125 0.53359375 0.1 0.1
3 0.78046875 0.46796875 0.0921875 0.0921875
3 0.65625 0.47578125 0.1140625 0.059375
3 0.54296875 0.478125 0.1140625 0.0671875
3 0.421875 0.4796875 0.0921875 0.090625
3 0.303125 0.484375 0.1171875 0.059375
3 0.7640625 0.421875 0.0890625 0.0890625
3 0.64765625 0.4359375 0.10625 0.0515625
3 0.54453125 0.43671875 0.0953125 0.0546875
3 0.43671875 0.43984375 0.09375 0.05
3 0.32890625 0.43359375 0.1234375 0.065625