3 0.82421875 0.6140625 0.1203125 0.0984375
3 0.36875 0.61640625 0.115625 0.1015625
3 0.71875 0.61015625 0.1171875 0.1015625
3 0.59140625 0.61953125 0.1078125 0.090625
3 0.478125 0.61953125 0.0953125 0.0953125
3 0.4828125 0.5421875 0.0828125 0.0828125
3 0.38515625 0.546875 0.0859375 0.0859375
3 0.58515625 0.54375 0.084375 0.0984375
3 0.69765625 0.54375 0.0953125 0.1140625
3 0.79609375 0.5390625 0.0921875 0.0921875
3 0.76484375 0.4703125 0.0875 0.0875
3 0.67421875 0.4765625 0.084375 0.0984375
3 0.57578125 0.48359375 0.0796875 0.0796875
3 0.48828125 0.484375 0.084375 0.0890625
3 0.40078125 0.4875 0.0765625 0.0765625
3 0.41875 0.43359375 0.0859375 0.075
3 0.50703125 0.43359375 0.071875 0.071875
3 0.590625 0.428125 0.0765625 0.0578125
3 0.67265625 0.42109375 0.075 0.0578125
3 0.74921875 0.41875 0.0734375 0.0734375