3 0.90390625 0.253125 0.1921875 0.221875
3 0.5828125 0.2609375 0.2046875 0.2046875
3 0.86953125 0.50859375 0.1671875 0.1828125
3 0.72265625 0.4953125 0.15625 0.1859375
3 0.57265625 0.4859375 0.1609375 0.1609375
3 0.75546875 0.2625 0.215625 0.215625
3 0.43125 0.49375 0.1515625 0.153125
3 0.30390625 0.48203125 0.1453125 0.1609375
3 0.15078125 0.48046875 0.153125 0.1828125
3 0.87265625 0.13828125 0.1453125 0.1421875
3 0.740625 0.1171875 0.1328125 0.1328125
3 0.5796875 0.12421875 0.1390625 0.1390625