3 0.2296875 0.334375 0.18125 0.18125
3 0.36484375 0.40859375 0.1671875 0.165625
3 0.7765625 0.57421875 0.159375 0.159375
3 0.91328125 0.23203125 0.1671875 0.1671875
3 0.52421875 0.06796875 0.1515625 0.1359375
3 0.28125 0.2296875 0.159375 0.159375
3 0.43125 0.30234375 0.1609375 0.1609375
3 0.5046875 0.4671875 0.1734375 0.1734375
3 0.5734375 0.365625 0.16875 0.1328125
3 0.65078125 0.51953125 0.1640625 0.1640625
3 0.7234375 0.42578125 0.1671875 0.1671875
3 0.8546875 0.4828125 0.15625 0.1484375
3 0.6625 0.11015625 0.159375 0.1484375
3 0.78515625 0.16953125 0.1625 0.1625
3 0.86171875 0.0953125 0.1296875 0.0890625
3 0.9609375 0.13046875 0.078125 0.1109375