3 0.81328125 0.546875 0.178125 0.1890625
3 0.66015625 0.53125 0.16875 0.1671875
3 0.21640625 0.53984375 0.1609375 0.1609375
3 0.22421875 0.90859375 0.1703125 0.1671875
3 0.64921875 0.9140625 0.153125 0.1515625
3 0.80703125 0.66328125 0.175 0.1484375
3 0.640625 0.65546875 0.165625 0.1578125
3 0.50859375 0.53203125 0.175 0.1765625
3 0.48515625 0.65234375 0.1703125 0.1359375
3 0.35390625 0.540625 0.165625 0.1671875
3 0.3234375 0.65546875 0.171875 0.165625
3 0.1796875 0.6546875 0.1578125 0.15
3 0.503125 0.92265625 0.1609375 0.1515625
3 0.36640625 0.915625 0.1640625 0.1640625
3 0.32421875 0.97890625 0.1078125 0.0421875