3 0.57578125 0.16953125 0.1734375 0.1734375
3 0.70234375 0.2859375 0.1703125 0.2
3 0.73046875 0.54765625 0.178125 0.178125
3 0.48046875 0.55546875 0.196875 0.196875
3 0.178125 0.6984375 0.1859375 0.2
3 0.68984375 0.18125 0.128125 0.1375
3 0.8015625 0.1921875 0.1265625 0.1171875
3 0.82890625 0.30234375 0.178125 0.178125
3 0.2015625 0.54765625 0.18125 0.2109375
3 0.3421875 0.56640625 0.1859375 0.1859375
3 0.334375 0.703125 0.1609375 0.1609375
3 0.48046875 0.6890625 0.1625 0.1453125
3 0.60703125 0.559375 0.1765625 0.178125
3 0.6234375 0.6953125 0.140625 0.140625
3 0.74453125 0.66953125 0.15 0.15