3 0.35234375 0.49765625 0.1515625 0.1515625
3 0.3015625 0.9015625 0.20625 0.196875
3 0.52578125 0.67734375 0.1828125 0.1828125
3 0.28203125 0.41328125 0.1765625 0.1375
3 0.196875 0.3390625 0.134375 0.134375
3 0.328125 0.28359375 0.1328125 0.1328125
3 0.40625 0.34921875 0.1734375 0.1328125
3 0.48671875 0.4375 0.159375 0.140625
3 0.58203125 0.51171875 0.1546875 0.1546875
3 0.66640625 0.60078125 0.1875 0.1453125
3 0.4359375 0.57578125 0.19375 0.1453125
3 0.1796875 0.821875 0.1953125 0.1796875
3 0.36875 0.77421875 0.221875 0.1671875