3 0.8578125 0.296875 0.1953125 0.2453125
3 0.68828125 0.28046875 0.1765625 0.2453125
3 0.1640625 0.240625 0.178125 0.2609375
3 0.3359375 0.2421875 0.184375 0.240625
3 0.79921875 0.47109375 0.1671875 0.1890625
3 0.51796875 0.253125 0.1828125 0.25
3 0.64609375 0.44453125 0.1765625 0.215625
3 0.4828125 0.43046875 0.178125 0.178125
3 0.3203125 0.41640625 0.1765625 0.1765625
3 0.165625 0.4 0.1578125 0.1671875
3 0.1703125 0.52890625 0.1546875 0.1625
3 0.32109375 0.55234375 0.1484375 0.1484375
3 0.475 0.5625 0.1453125 0.1453125
3 0.6234375 0.5765625 0.15625 0.15625
3 0.76953125 0.59921875 0.1515625 0.15