3 0.1921875 0.38828125 0.1078125 0.1078125
3 0.56015625 0.3953125 0.1375 0.0734375
3 0.60078125 0.65390625 0.15 0.115625
3 0.14765625 0.653125 0.1734375 0.125
3 0.13359375 0.7796875 0.1890625 0.1546875
3 0.6140625 0.76875 0.171875 0.1359375
3 0.2953125 0.7703125 0.18125 0.146875
3 0.46015625 0.771875 0.165625 0.1375
3 0.7734375 0.7640625 0.1765625 0.140625
3 0.915625 0.7578125 0.1421875 0.1421875
3 0.88828125 0.6484375 0.1359375 0.1375
3 0.74609375 0.64765625 0.128125 0.128125
3 0.4515625 0.653125 0.1578125 0.115625
3 0.30703125 0.65703125 0.1328125 0.1328125
3 0.1609375 0.5484375 0.153125 0.1078125
3 0.30703125 0.55390625 0.128125 0.128125
3 0.44609375 0.553125 0.1203125 0.1203125
3 0.58203125 0.55546875 0.1265625 0.1265625
3 0.7171875 0.56015625 0.11875 0.11875
3 0.85390625 0.55546875 0.1484375 0.1046875
3 0.82109375 0.4703125 0.1375 0.0765625
3 0.69453125 0.46953125 0.13125 0.0828125
3 0.57109375 0.46875 0.1203125 0.1203125
3 0.4375 0.4640625 0.1390625 0.096875
3 0.30390625 0.46171875 0.1203125 0.1203125
3 0.17890625 0.45703125 0.115625 0.115625
3 0.31640625 0.3859375 0.1375 0.08125
3 0.43984375 0.38515625 0.128125 0.05625
3 0.55078125 0.38984375 0.1203125 0.078125
3 0.6703125 0.39609375 0.1234375 0.090625
3 0.79453125 0.40390625 0.125 0.075