3 0.821875 0.56171875 0.1390625 0.0890625
3 0.45703125 0.61328125 0.109375 0.1109375
3 0.3765625 0.3640625 0.1390625 0.1390625
3 0.82421875 0.29375 0.15625 0.15625
3 0.81875 0.16640625 0.1796875 0.1796875
3 0.3453125 0.25234375 0.178125 0.1453125
3 0.66015625 0.20078125 0.1875 0.1546875
3 0.496875 0.225 0.171875 0.1453125
3 0.1890625 0.28203125 0.1828125 0.1484375
3 0.0625 0.31015625 0.125 0.1421875
3 0.09375 0.4140625 0.1640625 0.121875
3 0.234375 0.39296875 0.134375 0.134375
3 0.52421875 0.34140625 0.1640625 0.1234375
3 0.665625 0.31484375 0.1390625 0.1390625
3 0.82734375 0.39921875 0.1359375 0.1359375
3 0.68203125 0.41640625 0.134375 0.134375
3 0.54453125 0.43984375 0.1484375 0.1015625
3 0.41015625 0.45859375 0.15 0.1140625
3 0.27578125 0.475 0.140625 0.10625
3 0.1421875 0.50078125 0.153125 0.1109375
3 0.1875 0.57890625 0.140625 0.084375
3 0.3125 0.5609375 0.1109375 0.1125
3 0.434375 0.5421875 0.125 0.125
3 0.5671875 0.52578125 0.1234375 0.1234375
3 0.69921875 0.50703125 0.125 0.125
3 0.8234375 0.4921875 0.146875 0.09375
3 0.69921875 0.584375 0.1140625 0.115625
3 0.57734375 0.60390625 0.096875 0.096875
3 0.46640625 0.61640625 0.1234375 0.084375
3 0.34765625 0.62890625 0.1109375 0.1109375
3 0.22421875 0.64140625 0.128125 0.08125