3 0.153125 0.14296875 0.1484375 0.184375
3 0.453125 0.5828125 0.15 0.184375
3 0.71015625 0.54609375 0.153125 0.1859375
3 0.7578125 0.8890625 0.159375 0.1734375
3 0.496875 0.90234375 0.1625 0.1625
3 0.62421875 0.9015625 0.1640625 0.1640625
3 0.3796875 0.915625 0.1375 0.16875
3 0.26796875 0.92109375 0.1421875 0.1421875
3 0.7328125 0.7234375 0.15625 0.1796875
3 0.6046875 0.734375 0.15 0.1796875
3 0.47421875 0.7390625 0.1515625 0.1515625
3 0.3546875 0.74140625 0.1453125 0.1453125
3 0.24609375 0.75546875 0.153125 0.153125
3 0.46875 0.56796875 0.1359375 0.1359375
3 0.58203125 0.5640625 0.146875 0.1734375
3 0.33515625 0.57734375 0.140625 0.140625
3 0.21953125 0.60078125 0.13125 0.1578125
3 0.68515625 0.3765625 0.1578125 0.1578125
3 0.43359375 0.4078125 0.1453125 0.1453125
3 0.3125 0.4328125 0.140625 0.15625
3 0.19453125 0.4515625 0.1296875 0.1609375
3 0.18125 0.28984375 0.1234375 0.1375
3 0.28828125 0.2796875 0.1390625 0.171875
3 0.375 0.084375 0.140625 0.1578125
3 0.265625 0.1171875 0.1390625 0.1390625