3 0.840625 0.8625 0.1640625 0.1640625
3 0.5484375 0.41796875 0.165625 0.165625
3 0.290625 0.45 0.1515625 0.1828125
3 0.24921875 0.10625 0.1578125 0.171875
3 0.51015625 0.0984375 0.1359375 0.184375
3 0.3828125 0.09609375 0.14375 0.1796875
3 0.62734375 0.08359375 0.1546875 0.1546875
3 0.7390625 0.08359375 0.125 0.15625
3 0.27109375 0.271875 0.165625 0.165625
3 0.39921875 0.26328125 0.146875 0.178125
3 0.5296875 0.26171875 0.15 0.15
3 0.64921875 0.2609375 0.1375 0.1484375
3 0.7578125 0.2484375 0.1359375 0.1671875
3 0.5328125 0.43203125 0.1109375 0.1578125
3 0.41875 0.434375 0.1453125 0.171875
3 0.66640625 0.425 0.1390625 0.1390625
3 0.78203125 0.40390625 0.1421875 0.1421875
3 0.3125 0.61953125 0.15625 0.15625
3 0.56484375 0.59375 0.1421875 0.1421875
3 0.68671875 0.57109375 0.1375 0.1546875
3 0.8046875 0.55390625 0.14375 0.14375
3 0.815625 0.715625 0.128125 0.128125
3 0.7078125 0.72421875 0.153125 0.153125
3 0.6171875 0.91796875 0.1390625 0.15625
3 0.728125 0.88671875 0.1375 0.1375