3 0.6375 0.2234375 0.1109375 0.096875
3 0.72734375 0.2078125 0.10625 0.09375
3 0.34765625 0.66640625 0.2125 0.11875
3 0.53203125 0.6375 0.0984375 0.084375
3 0.7546875 0.59609375 0.1359375 0.0953125
3 0.646875 0.61796875 0.11875 0.0875
3 0.4546875 0.5390625 0.084375 0.084375
3 0.22734375 0.56796875 0.0984375 0.0984375
3 0.08203125 0.1421875 0.140625 0.1078125
3 0.01484375 0.15546875 0.0296875 0.0921875
3 0.534375 0.23203125 0.109375 0.109375
3 0.4265625 0.23984375 0.0984375 0.1
3 0.3296875 0.24921875 0.090625 0.090625
3 0.50234375 0.0609375 0.1 0.1
3 0.571875 0.146875 0.0953125 0.090625