3 0.6921875 0.2578125 0.0921875 0.0921875
3 0.78359375 0.2609375 0.0890625 0.0890625
3 0.31640625 0.63125 0.1484375 0.1484375
3 0.503125 0.640625 0.08125 0.08125
3 0.7296875 0.646875 0.103125 0.103125
3 0.61953125 0.6453125 0.1109375 0.0734375
3 0.44765625 0.52890625 0.0921875 0.059375
3 0.21875 0.509375 0.103125 0.0703125
3 0.165625 0.06328125 0.13125 0.090625
3 0.06484375 0.05546875 0.0875 0.08125
3 0.5890625 0.2453125 0.1109375 0.084375
3 0.48203125 0.23046875 0.0875 0.0890625
3 0.38515625 0.21953125 0.08125 0.08125
3 0.59375 0.07109375 0.0890625 0.0890625
3 0.64375 0.16953125 0.0828125 0.0828125