3 0.59140625 0.79609375 0.1046875 0.1046875
3 0.30234375 0.82109375 0.1171875 0.1171875
3 0.26796875 0.5890625 0.10625 0.15625
3 0.56953125 0.54453125 0.1109375 0.153125
3 0.2265625 0.30859375 0.1125 0.153125
3 0.75625 0.246875 0.140625 0.140625
3 0.4 0.8109375 0.10625 0.1359375
3 0.49453125 0.80859375 0.1 0.1328125
3 0.38046875 0.69296875 0.125 0.125
3 0.48125 0.6859375 0.1171875 0.1171875
3 0.6796875 0.7890625 0.09375 0.1140625
3 0.771875 0.77734375 0.109375 0.14375
3 0.57578125 0.67734375 0.1171875 0.1171875
3 0.6734375 0.66953125 0.1265625 0.1265625
3 0.76640625 0.6484375 0.0984375 0.128125
3 0.36796875 0.5671875 0.1046875 0.146875
3 0.46328125 0.55703125 0.10625 0.15625
3 0.6640625 0.53515625 0.1296875 0.1296875
3 0.7671875 0.51875 0.109375 0.134375
3 0.35 0.43671875 0.1140625 0.15
3 0.24453125 0.45078125 0.134375 0.134375
3 0.32578125 0.29453125 0.13125 0.13125
3 0.44921875 0.42578125 0.1171875 0.1578125
3 0.55 0.41015625 0.1109375 0.14375
3 0.66015625 0.40234375 0.1234375 0.1234375
3 0.7578125 0.3890625 0.1234375 0.1234375
3 0.43203125 0.2875 0.121875 0.1703125
3 0.53984375 0.271875 0.1203125 0.1578125
3 0.64921875 0.2671875 0.153125 0.1515625
3 0.74921875 0.25 0.121875 0.1609375