3 0.61171875 0.2109375 0.0984375 0.121875
3 0.325 0.16640625 0.1125 0.1359375
3 0.275 0.3953125 0.1140625 0.1609375
3 0.57265625 0.46015625 0.1390625 0.1390625
3 0.21328125 0.671875 0.140625 0.1390625
3 0.73828125 0.7703125 0.1484375 0.1484375
3 0.421875 0.1828125 0.128125 0.128125
3 0.51640625 0.1921875 0.1234375 0.1234375
3 0.39453125 0.29921875 0.1328125 0.1328125
3 0.49375 0.31328125 0.1109375 0.1359375
3 0.69921875 0.22421875 0.1 0.11875
3 0.790625 0.24296875 0.1171875 0.1484375
3 0.58828125 0.328125 0.1234375 0.1234375
3 0.684375 0.34296875 0.1328125 0.1328125
3 0.77578125 0.3703125 0.10625 0.1328125
3 0.37265625 0.4234375 0.1328125 0.1328125
3 0.46796875 0.440625 0.115625 0.1609375
3 0.66640625 0.47578125 0.1171875 0.15625
3 0.76796875 0.5 0.1171875 0.140625
3 0.34609375 0.553125 0.1390625 0.1390625
3 0.24140625 0.53125 0.1421875 0.1421875
3 0.31171875 0.69296875 0.1375 0.1375
3 0.44375 0.5703125 0.1265625 0.1640625
3 0.54375 0.59375 0.134375 0.134375
3 0.653125 0.60859375 0.1296875 0.1296875
3 0.74921875 0.62890625 0.115625 0.1453125
3 0.4171875 0.7078125 0.1328125 0.175
3 0.5234375 0.73046875 0.128125 0.1640625
3 0.6328125 0.7421875 0.1375 0.184375
3 0.73125 0.7671875 0.13125 0.165625