3 0.4984375 0.70546875 0.115625 0.115625
3 0.38203125 0.8296875 0.103125 0.103125
3 0.36953125 0.72109375 0.0953125 0.0921875
3 0.6078125 0.434375 0.159375 0.134375
3 0.20390625 0.23515625 0.1015625 0.1015625
3 0.165625 0.946875 0.11875 0.10625
3 0.29140625 0.94140625 0.1234375 0.1078125
3 0.39375 0.92265625 0.1078125 0.1078125
3 0.1546875 0.86484375 0.1328125 0.0921875
3 0.27109375 0.84140625 0.1140625 0.1140625
3 0.1390625 0.75625 0.1265625 0.0953125
3 0.26015625 0.73828125 0.1203125 0.1203125
3 0.11640625 0.66640625 0.1359375 0.0859375
3 0.23515625 0.64375 0.1125 0.1125
3 0.340625 0.6203125 0.125 0.0921875
3 0.10078125 0.57734375 0.103125 0.103125
3 0.21328125 0.55078125 0.115625 0.115625
3 0.32734375 0.540625 0.1140625 0.0890625
3 0.4703125 0.6109375 0.1171875 0.1109375
3 0.44765625 0.528125 0.1265625 0.0640625
3 0.62265625 0.69140625 0.1078125 0.0953125
3 0.75078125 0.665625 0.1234375 0.1046875
3 0.58515625 0.590625 0.1234375 0.1078125
3 0.71796875 0.5765625 0.10625 0.10625
3 0.11640625 0.39140625 0.0984375 0.0984375
3 0.20703125 0.41015625 0.1171875 0.09375
3 0.31171875 0.4171875 0.1359375 0.1046875
3 0.46171875 0.41875 0.1296875 0.1296875
3 0.1625 0.31484375 0.1265625 0.071875
3 0.265625 0.315625 0.1234375 0.0953125
3 0.38203125 0.32734375 0.1078125 0.1078125
3 0.50546875 0.3359375 0.1140625 0.1140625
3 0.63984375 0.33359375 0.1703125 0.103125
3 0.32421875 0.23984375 0.1359375 0.090625
3 0.5546875 0.259375 0.1328125 0.08125
3 0.68671875 0.2546875 0.109375 0.109375