3 0.36875 0.08046875 0.1640625 0.13125
3 0.9171875 0.1640625 0.128125 0.128125
3 0.87109375 0.496875 0.2109375 0.146875
3 0.11875 0.50703125 0.2078125 0.1578125
3 0.7984375 0.79765625 0.2015625 0.2015625
3 0.071875 0.65546875 0.1328125 0.153125
3 0.609375 0.7671875 0.2265625 0.171875
3 0.40625 0.71796875 0.1703125 0.171875
3 0.21796875 0.684375 0.1796875 0.1796875
3 0.84453125 0.63515625 0.215625 0.15625
3 0.65390625 0.60078125 0.196875 0.15
3 0.471875 0.56796875 0.1625 0.1625
3 0.296875 0.54140625 0.1671875 0.1671875
3 0.703125 0.46953125 0.2078125 0.134375
3 0.53203125 0.43828125 0.1625 0.1625
3 0.36640625 0.41875 0.175 0.1359375
3 0.20078125 0.3875 0.1734375 0.1390625
3 0.8984375 0.36875 0.153125 0.153125
3 0.73203125 0.3390625 0.1484375 0.1484375
3 0.571875 0.3234375 0.1703125 0.13125
3 0.425 0.3015625 0.178125 0.1140625
3 0.271875 0.26796875 0.1578125 0.1328125
3 0.3203125 0.171875 0.1703125 0.1375
3 0.4734375 0.19375 0.1390625 0.1390625
3 0.6171875 0.215625 0.15625 0.1140625
3 0.771875 0.23359375 0.140625 0.140625
3 0.91171875 0.253125 0.1515625 0.1203125
3 0.8 0.13828125 0.153125 0.1140625
3 0.65234375 0.11328125 0.1375 0.1375
3 0.5171875 0.1015625 0.1328125 0.13125