3 0.09140625 0.2765625 0.1515625 0.153125
3 0.11796875 0.74375 0.1890625 0.190625
3 0.60625 0.68671875 0.196875 0.2046875
3 0.24296875 0.2625 0.1671875 0.1671875
3 0.38359375 0.246875 0.1421875 0.1625
3 0.0875 0.41875 0.175 0.175
3 0.253125 0.40703125 0.178125 0.178125
3 0.3984375 0.3890625 0.16875 0.16875
3 0.09921875 0.56953125 0.1734375 0.1734375
3 0.25625 0.54375 0.18125 0.18125
3 0.40703125 0.5328125 0.1515625 0.1515625
3 0.5765625 0.50390625 0.178125 0.178125
3 0.73828125 0.4921875 0.1921875 0.1671875
3 0.90625 0.48046875 0.1828125 0.178125
3 0.8734375 0.3328125 0.16875 0.16875
3 0.71640625 0.3578125 0.1765625 0.1421875
3 0.54140625 0.3609375 0.1765625 0.146875
3 0.2734375 0.7234375 0.2 0.184375
3 0.4265625 0.7046875 0.184375 0.18125
3 0.125 0.903125 0.15 0.19375
3 0.271875 0.8953125 0.215625 0.209375
3 0.44921875 0.8890625 0.2125 0.2125
3 0.77578125 0.6640625 0.203125 0.2078125
3 0.9171875 0.6515625 0.165625 0.20625
3 0.6375 0.86875 0.2 0.2015625
3 0.79609375 0.83515625 0.215625 0.215625
3 0.92890625 0.82421875 0.1421875 0.2078125