6 0.257192 0.453704 0.179067 0.224868
6 0.547867 0.596561 0.192956 0.227513
6 0.352927 0.236442 0.102679 0.175265
6 0.072421 0.392196 0.143849 0.120370
6 0.375744 0.659392 0.171131 0.175926
6 0.242560 0.911706 0.182540 0.151455
6 0.657490 0.334987 0.137401 0.130291
6 0.520585 0.364749 0.173115 0.179233
6 0.763393 0.946429 0.184524 0.107143
6 0.909226 0.868056 0.172619 0.169974
6 0.099206 0.825066 0.193452 0.173942
6 0.040179 0.553902 0.079365 0.203042
6 0.260417 0.282738 0.096230 0.128968
6 0.485863 0.198413 0.130456 0.133598
6 0.671627 0.875000 0.157738 0.149471
