6 0.556159 0.400625 0.233092 0.123750
6 0.838768 0.516250 0.247585 0.113750
6 0.676932 0.550000 0.257246 0.138750
6 0.477053 0.514062 0.217391 0.118125
6 0.643116 0.699688 0.245169 0.109375
6 0.525362 0.639687 0.207729 0.119375
6 0.833333 0.655937 0.241546 0.098125
6 0.466787 0.737812 0.213768 0.116875
6 0.798913 0.786250 0.216184 0.105000
6 0.577899 0.824688 0.221014 0.105625
6 0.712560 0.884062 0.265700 0.099375
6 0.167271 0.290000 0.204106 0.085000
6 0.305556 0.359687 0.200483 0.105625
6 0.172101 0.411562 0.189614 0.093125
6 0.297705 0.489063 0.192029 0.120625
6 0.154589 0.528750 0.217391 0.113750
6 0.312802 0.590938 0.166667 0.099375
6 0.277778 0.666875 0.183575 0.078750
