6 0.767800 0.222493 0.286000 0.317073
6 0.486800 0.394038 0.280000 0.341463
6 0.640400 0.706504 0.277600 0.307317
6 0.341600 0.135772 0.279200 0.262873
6 0.218200 0.335230 0.260400 0.304065
6 0.119400 0.778591 0.238000 0.284553
6 0.370000 0.697832 0.280000 0.388618
6 0.751200 0.489702 0.281600 0.293225
6 0.857800 0.775610 0.170800 0.345799
6 0.689600 0.930081 0.253600 0.139837
6 0.260800 0.907317 0.294400 0.185366
6 0.500600 0.889431 0.221200 0.221138
6 0.111800 0.519241 0.222800 0.273171
6 0.555200 0.121680 0.217600 0.242276
6 0.942600 0.620596 0.114800 0.326287
6 0.934200 0.285095 0.131600 0.330623
6 0.112200 0.110298 0.223600 0.219512
